pc=350
Mean stats: [0.82162162 0.83245814 0.81091228 0.82188075 0.64531485 0.82168521
 0.64337042]
pca=400
Mean stats: [0.82702703 0.83238204 0.82157895 0.8260405  0.65610993 0.82698049
 0.65396099]
Std stats: [0.02324953 0.02945363 0.05668964 0.01913399 0.04667743 0.02270289
 0.04540578]
pca=450
Mean stats: [0.82567568 0.83515982 0.81631579 0.82525084 0.65293596 0.8257378
 0.65147561]
Std stats: [0.02022518 0.02600736 0.04768342 0.01673631 0.04000779 0.01984579
 0.03969159]
pca=500
Mean stats: [0.82432432 0.83242009 0.81624561 0.8236569  0.65084821 0.82433285
 0.64866571]
Std stats: [0.02634269 0.037141   0.05595535 0.02407224 0.0527743  0.02592919
 0.05185837]
pca=550
Mean stats: [0.82162162 0.83515982 0.80835088 0.8216187  0.6446933  0.82175535
 0.64351069]
Std stats: [0.01741094 0.03125103 0.03596133 0.0167561  0.03503632 0.0172638
 0.03452759]
pca= 600
Mean stats: [0.82162162 0.83515982 0.80835088 0.8216187  0.6446933  0.82175535
 0.64351069]
Std stats: [0.01741094 0.03125103 0.03596133 0.0167561  0.03503632 0.0172638
 0.03452759]