
Mean stats: [0.0470139  0.04490614 0.04385352 0.02882729 0.02908077 0.02935433
 0.03050489 0.02890754 0.02814298 0.02781029 0.02825804 0.02875414
 0.02970185 0.02823057 0.02899528 0.03157635 0.03071218 0.0286303
 0.02934952 0.02929163 0.03050017 0.02914481 0.0285152  0.02868505
 0.03152041 0.03153343 0.03139186 0.02976947 0.03421049 0.03035765
 0.02862048 0.02895098 0.02875404 0.02879    0.02810287 0.02863612
 0.02982645 0.02830396 0.02845778 0.02860436 0.02921348 0.02931261
 0.02946348 0.02816105 0.02859101 0.02854352 0.02929549 0.02962251
 0.03068228 0.03019443 0.02934408 0.02988787 0.02922168 0.02971234
 0.03135204 0.0293776  0.03036871 0.02973552 0.03087425 0.02903304
 0.02870002 0.02991757 0.03082657 0.02885809 0.03000946 0.02910414
 0.02942629 0.02848935 0.02896366 0.02824469 0.02923942 0.02924876
 0.02944455 0.0291935  0.02930026 0.02921057 0.02971568 0.0283771
 0.03121662 0.02881069 0.02946653 0.0296627  0.02875557 0.02888885
 0.02842188 0.0280386  0.03157749 0.02941117 0.02857838 0.03069491
 0.02771368 0.02801461 0.02997437 0.02998962 0.02903571 0.03072529
 0.02897654 0.03193622 0.02931547 0.03173909 0.02802887 0.0293694
 0.02869196 0.02853589 0.03002419 0.0295568  0.02914581 0.03002224
 0.03304267 0.03044367 0.029529   0.03014283 0.03090634 0.02907648
 0.02968564 0.02999129 0.02858119 0.0287106  0.02941303 0.03141527
 0.02862005 0.02904758 0.03082428 0.0317131  0.030585   0.02972579
 0.03215413 0.0286119  0.02952394 0.03111043 0.0297431  0.02858858
 0.03139892 0.03159742 0.02850022 0.0320251  0.02947407 0.02812743
 0.02762752 0.02923002 0.02867889 0.03218255 0.02969275 0.02838778
 0.0286303  0.0283453  0.02786241 0.0281178 ]

Mean stats: [0.04967504 0.05149047 0.04805613 0.04049888 0.04066176 0.04107456
 0.04271498 0.0403594  0.04123402 0.04046733 0.04252546 0.04264941
 0.04103801 0.04129128 0.03989995 0.04086702 0.07871006 0.05128567
 0.04274604 0.04177434 0.04303486 0.04095707 0.04142685 0.04091709
 0.04185908 0.04495342 0.08893852 0.04595509 0.04304371 0.0424073
 0.04194622 0.04270935 0.04142995 0.03954277 0.04049807 0.04128795
 0.0434535  0.04890561 0.08015599 0.04084356 0.04059753 0.04153299
 0.04143794 0.03939562 0.04053411 0.03968644 0.04066157 0.04112182
 0.04467747 0.04282575 0.04191391 0.0413388  0.04149096 0.04058275
 0.04226687 0.0420542  0.04360552 0.04308627 0.04627154 0.05084603
 0.05031426 0.04758391 0.04869115 0.05046897 0.05139854 0.05041595
 0.04739423 0.04728405 0.05329177 0.05025668 0.04855194 0.04828141
 0.04799795 0.04795337 0.04649169 0.04875655 0.04753866 0.04592459
 0.04805224 0.04693375 0.04666541 0.048279   0.04867384 0.04820695
 0.04198503 0.03976643 0.04193308 0.04579041 0.04334562 0.04065382
 0.03955727 0.04075694 0.04057682 0.04111397 0.04297907 0.04189305
 0.04035788 0.04340377 0.04052849 0.04217811 0.04269481 0.04097879
 0.04141529 0.0402142  0.04055483 0.04047568 0.04419913 0.04291825
 0.04503517 0.04132311 0.04096458 0.0411361  0.04365795 0.04381289
 0.04191239 0.04107466 0.04061618 0.04039631 0.04134986 0.04227939
 0.04303994 0.04384744 0.04067137 0.04174314 0.0432004  0.04402192
 0.0433157  0.0407686  0.04139936 0.04218807 0.04143999 0.04290721
 0.04207203 0.04186988 0.04034967 0.0416043  0.04071712 0.04009154
 0.04199653 0.04155061 0.04269452 0.04271522 0.04189701 0.04069047
 0.04558268 0.04133897 0.04549236 0.03957253]

Mean stats: [0.05656352 0.05714238 0.05524562 0.04926093 0.05020348 0.04966858
 0.05334964 0.05030138 0.0509415  0.0499252  0.05229556 0.05129143
 0.05164452 0.04983861 0.04938776 0.04972103 0.0761282  0.05951192
 0.05236241 0.05024495 0.05325667 0.05361792 0.05041394 0.05010433
 0.0513135  0.05286706 0.08350255 0.05489399 0.05035815 0.05012296
 0.05078341 0.05270201 0.04952308 0.04885209 0.05106274 0.05153406
 0.0536736  0.0550261  0.07625701 0.05207653 0.0617668  0.08166382
 0.05106905 0.04928288 0.05024432 0.04899362 0.05185881 0.05076127
 0.0613393  0.08354861 0.05471163 0.05149517 0.05283438 0.05026685
 0.05107163 0.05058122 0.05173505 0.08287644 0.0605711  0.05614959
 0.05647012 0.05534569 0.05467374 0.05725873 0.05704344 0.05821215
 0.05626839 0.05523796 0.05797305 0.05615387 0.05455332 0.05435886
 0.05382452 0.05619461 0.05410468 0.05518864 0.05573616 0.05417186
 0.05474043 0.05592685 0.05478927 0.05461793 0.05638282 0.05475554
 0.05097806 0.04896679 0.05077736 0.05302304 0.0520009  0.04940844
 0.04849715 0.05122363 0.05079579 0.05124079 0.05118105 0.05190337
 0.0497046  0.05312505 0.04949261 0.05108163 0.05064907 0.04966256
 0.05027137 0.04999113 0.04916294 0.04945076 0.05336663 0.05138623
 0.05449686 0.05198723 0.05074552 0.04961546 0.05373144 0.05177959
 0.05046109 0.05040658 0.0495121  0.04913801 0.051191   0.05008713
 0.05149654 0.05248399 0.0497691  0.05169371 0.0526516  0.05198437
 0.0514259  0.05316944 0.05105615 0.05075402 0.0495333  0.0514554
 0.05067932 0.05067007 0.04872216 0.05006514 0.05209529 0.05068873
 0.05461173 0.0501245  0.05144086 0.05191846 0.05227051 0.05048827
 0.05494056 0.04942835 0.05333433 0.04878222]

Mean stats: [0.05958782 0.0598186  0.05731755 0.05338962 0.05307187 0.05332584
 0.05572542 0.05415001 0.05471622 0.05286674 0.05709925 0.054151
 0.05392039 0.05504564 0.0533412  0.05453587 0.07264335 0.06209596
 0.05542247 0.053469   0.05559009 0.056286   0.05336523 0.05417027
 0.05402306 0.05618784 0.07804167 0.0581565  0.05436614 0.05315893
 0.0538753  0.05607765 0.05394347 0.05251148 0.05390956 0.054887
 0.05588595 0.05695506 0.07261107 0.05511467 0.06203893 0.07736942
 0.05423567 0.05405838 0.05449409 0.05271769 0.05533376 0.05550456
 0.06315966 0.07834882 0.05673107 0.05433543 0.05548882 0.05405768
 0.0555379  0.05384196 0.05453503 0.07875541 0.06146935 0.0596658
 0.05918639 0.0568781  0.05837551 0.05857543 0.05908782 0.05916398
 0.05807749 0.05809509 0.05939567 0.05802926 0.05677083 0.05604316
 0.05541775 0.05826257 0.05666246 0.05811185 0.0583497  0.05701692
 0.05741545 0.05715412 0.05778512 0.05694597 0.05760523 0.0569382
 0.05435734 0.05318618 0.05432005 0.05520852 0.05516825 0.05340729
 0.0532411  0.05526081 0.05567505 0.05448021 0.0555763  0.05527521
 0.05430543 0.0558185  0.05245546 0.0543527  0.05385578 0.05278127
 0.05380372 0.05307543 0.05492818 0.05366316 0.0579102  0.0561218
 0.05853335 0.05792575 0.05349746 0.05347172 0.057638   0.05476493
 0.05343138 0.05534245 0.05355664 0.05380036 0.05440133 0.05518585
 0.05424824 0.05572623 0.05503078 0.05538272 0.05526073 0.05663019
 0.05444757 0.05627869 0.05375341 0.05312278 0.05260193 0.05450063
 0.05420318 0.05397693 0.05384811 0.05308945 0.05538137 0.05384302
 0.05731031 0.05421875 0.05412823 0.05651559 0.05522161 0.05548677
 0.05723274 0.05554641 0.06242331 0.05870045]

Mean stats: [0.05715556 0.05778247 0.05553734 0.05321384 0.05170347 0.0521756
 0.0547234  0.05260355 0.0540166  0.0530895  0.05714347 0.05339868
 0.0526663  0.05413777 0.05334536 0.05419733 0.06768256 0.0590032
 0.05509406 0.05347117 0.05443585 0.05484204 0.05199599 0.05353288
 0.05281707 0.05528109 0.07185728 0.05668126 0.05326558 0.0538056
 0.05372777 0.05558784 0.05335007 0.05291565 0.05507024 0.05331505
 0.05456668 0.05518868 0.06807157 0.05346507 0.05896479 0.0712792
 0.05402681 0.05367723 0.05352094 0.05265681 0.05406909 0.05471111
 0.06070555 0.07309188 0.05624625 0.05364574 0.05383715 0.05379557
 0.05415661 0.05407305 0.05352667 0.07346399 0.05907358 0.05742526
 0.05803819 0.05498975 0.05652284 0.05664094 0.05736474 0.05678924
 0.05547449 0.05625964 0.05646815 0.05629382 0.05640797 0.05439487
 0.05441729 0.05596591 0.05631546 0.05595314 0.05731375 0.05513021
 0.05603106 0.05623377 0.05569482 0.05567661 0.05614341 0.05543591
 0.05306348 0.05343147 0.05273544 0.05375925 0.0548493  0.05279695
 0.05384026 0.05509911 0.05449564 0.05417103 0.05525271 0.05376348
 0.05409204 0.05424721 0.05230502 0.05446674 0.05288001 0.05216938
 0.05276328 0.05193982 0.05386265 0.05221798 0.05607424 0.05429237
 0.05626097 0.0560071  0.05213978 0.05355543 0.05559578 0.05418447
 0.05196836 0.05422211 0.05355655 0.05377592 0.05323357 0.05369416
 0.05353325 0.05370711 0.05359704 0.05378401 0.05428324 0.05520851
 0.05289597 0.05391779 0.05256106 0.05197011 0.05222843 0.05321314
 0.05430792 0.05326169 0.05292087 0.05185521 0.05385721 0.05338811
 0.05636984 0.05286299 0.05290352 0.05507452 0.05426909 0.05454979
 0.05531913 0.05392094 0.05992623 0.05654386]

Mean stats: [0.05663713 0.05736859 0.05446093 0.05337959 0.05159458 0.05263204
 0.05522176 0.05346951 0.05357124 0.05331021 0.05725478 0.0545114
 0.05258566 0.05555728 0.05297236 0.05417077 0.06607533 0.0584161
 0.05493495 0.05555108 0.05547235 0.05420767 0.05338085 0.05374566
 0.05232579 0.05489256 0.06927115 0.0564443  0.0538556  0.05413933
 0.05369466 0.05591579 0.05403416 0.05379126 0.05522757 0.05291518
 0.05489411 0.05543755 0.06553302 0.05433502 0.05770452 0.06928318
 0.05385943 0.05413829 0.05405838 0.05352455 0.05343409 0.05388496
 0.06126468 0.07035557 0.05650445 0.05352222 0.05444434 0.05466874
 0.05394679 0.05461826 0.05396567 0.07079433 0.05759796 0.05757473
 0.05845687 0.05521311 0.05646013 0.05685495 0.05719847 0.05618149
 0.05544522 0.05606693 0.05623043 0.05561091 0.05728112 0.0561683
 0.0542992  0.05635199 0.05617686 0.05621391 0.05641971 0.05568489
 0.0556957  0.05614916 0.05569402 0.05581033 0.05540474 0.05488357
 0.05367735 0.05331005 0.05314891 0.05540524 0.05560255 0.05336276
 0.05480959 0.05547667 0.05404525 0.0545989  0.054943   0.05323769
 0.05451399 0.05448424 0.05231323 0.05485485 0.05351466 0.05346846
 0.05310638 0.05216269 0.05400488 0.05403776 0.05703789 0.05506054
 0.05648309 0.05675673 0.05226694 0.05356744 0.05529954 0.05441239
 0.05186297 0.05402154 0.05366489 0.05452228 0.0529749  0.05353754
 0.05327374 0.05580842 0.05381114 0.05482996 0.05482283 0.05467473
 0.05453951 0.05357595 0.05329399 0.05237192 0.05359941 0.05301273
 0.05424257 0.05335929 0.05444574 0.05240801 0.05517982 0.05460341
 0.05597361 0.05353442 0.05386974 0.05493831 0.05535014 0.05460935
 0.0575159  0.05412377 0.05943123 0.05578198]


Mean stats: [0.06332197 0.06338714 0.06094494 0.06066269 0.05751114 0.06023946
 0.06400217 0.06146158 0.06188271 0.06093976 0.0642224  0.06370688
 0.05962854 0.06555251 0.06076397 0.0638719  0.06957454 0.06357657
 0.06194764 0.06140026 0.06241748 0.05867574 0.06532329 0.06130382
 0.05890146 0.06463625 0.07257109 0.06418815 0.06195658 0.06121652
 0.06339612 0.06421959 0.06211554 0.06066713 0.06206086 0.0619809
 0.06295491 0.06337805 0.06856403 0.06264675 0.06392078 0.07542392
 0.06341462 0.06385902 0.06043077 0.06254072 0.06196274 0.06228636
 0.06821498 0.07289821 0.06518845 0.0604431  0.06003544 0.06239403
 0.0603637  0.06224222 0.06325353 0.07772005 0.06472761 0.06536225
 0.06673468 0.0646735  0.06504487 0.06403713 0.06575468 0.06156778
 0.0639055  0.06459936 0.06412174 0.06414234 0.06102802 0.06663652
 0.06098718 0.06543229 0.06485192 0.06946018 0.06628857 0.06176619
 0.06469538 0.06537045 0.06567844 0.06438414 0.06329383 0.06605714
 0.0610191  0.06385497 0.06046295 0.06248642 0.06284544 0.06220749
 0.06354963 0.06396716 0.06471687 0.06604077 0.06427346 0.05914648
 0.06127443 0.06288251 0.06171815 0.06166662 0.0614904  0.06189764
 0.06344838 0.06095782 0.06552237 0.06035447 0.06519767 0.06372514
 0.06406532 0.0653673  0.05829328 0.0614629  0.06085489 0.06059242
 0.05951657 0.06355361 0.06199202 0.05891573 0.06031069 0.05904524
 0.05883009 0.06269111 0.06364806 0.06314197 0.06084042 0.06540682
 0.06098124 0.0589359  0.06070011 0.06089878 0.06248873 0.05983444
 0.0615131  0.06011189 0.06336402 0.06154526 0.06363668 0.06181585
 0.06217158 0.0627207  0.06020994 0.06453413 0.06276454 0.06142245
 0.06417108 0.06211601 0.06867711 0.06207107]
S
Mean stats: [0.07084708 0.06987549 0.06751088 0.06908141 0.06426457 0.06614296
 0.07102911 0.06771493 0.06704563 0.06861234 0.07307043 0.06961119
 0.06762679 0.07156167 0.0685016  0.06832649 0.07765014 0.06848211
 0.06774817 0.06785413 0.06818346 0.06322986 0.07291849 0.06681583
 0.06378993 0.07036691 0.07826945 0.06928388 0.0686919  0.06847378
 0.06970591 0.07018165 0.06761341 0.06774462 0.0675753  0.06957507
 0.07189555 0.0717684  0.07388478 0.06790845 0.07106755 0.08218288
 0.07001383 0.06983583 0.06642812 0.06963687 0.06797317 0.07086562
 0.07500694 0.08093233 0.07144264 0.07136907 0.06896823 0.07259742
 0.0663955  0.07849957 0.07418345 0.08489711 0.0754534  0.07751573
 0.07576726 0.07449443 0.07194992 0.07263287 0.07060561 0.06860654
 0.06853149 0.07316324 0.07006506 0.06838534 0.06815385 0.073749
 0.06604113 0.07139023 0.07023722 0.07456961 0.07310708 0.06951607
 0.07070913 0.07267663 0.07316356 0.07309319 0.07143146 0.07436807
 0.06640292 0.07141827 0.06763147 0.06939725 0.06999754 0.06637471
 0.07167754 0.07005937 0.06829875 0.07437485 0.07187964 0.06615618
 0.06816718 0.06914643 0.06904792 0.06835276 0.067423   0.07103011
 0.07258122 0.06565211 0.07400944 0.06745528 0.0723885  0.06938268
 0.07060158 0.07229327 0.06304572 0.06650214 0.06601396 0.06650995
 0.06371882 0.07169625 0.06763164 0.06562274 0.06626924 0.06514514
 0.06695534 0.06827546 0.06974718 0.07086932 0.06837382 0.07191689
 0.07021252 0.06443364 0.0688999  0.06536882 0.06806228 0.06726939
 0.06675902 0.06905036 0.07110784 0.06724686 0.07057418 0.07118116
 0.06716597 0.06979733 0.06812071 0.07242227 0.07102867 0.06683543
 0.06914487 0.06768853 0.0764437  0.06746069]

Mean stats: [0.0785     0.07843814 0.07407612 0.07752037 0.07182635 0.0753746
 0.07914556 0.07522662 0.07416381 0.07636286 0.0802286  0.07702267
 0.07573666 0.08006055 0.07737367 0.07621629 0.08310578 0.0766956
 0.07568532 0.07719439 0.07568789 0.07106182 0.08027062 0.07435908
 0.07011882 0.07854445 0.08542692 0.07512183 0.07636647 0.0763238
 0.07792436 0.07694805 0.07728642 0.07527593 0.07728416 0.07884702
 0.08012376 0.07951142 0.08060085 0.07467194 0.0795083  0.08822699
 0.0791491  0.07734507 0.07552838 0.0778268  0.07447829 0.0779917
 0.08151595 0.08848051 0.07889339 0.07731596 0.07876562 0.08143775
 0.07300786 0.08507392 0.07905988 0.09052762 0.08309023 0.08529724
 0.0826902  0.08277061 0.08145854 0.08097402 0.08020806 0.07607997
 0.07459235 0.08173523 0.07683239 0.07552866 0.07627685 0.08057903
 0.07173586 0.07950494 0.07949321 0.08109159 0.07991495 0.07663872
 0.07890968 0.07876106 0.08086514 0.0812438  0.07999723 0.08387805
 0.07399077 0.07953834 0.07523387 0.07807426 0.07656722 0.07385467
 0.07990175 0.07786683 0.07637682 0.08296672 0.07977431 0.07322147
 0.07720757 0.07677317 0.07613914 0.07691059 0.07594519 0.08012764
 0.08144281 0.07388195 0.08100458 0.0751922  0.08013119 0.07736389
 0.07709955 0.08110365 0.07086072 0.07474244 0.07276082 0.07331833
 0.07253561 0.07817264 0.07573006 0.07078928 0.07517227 0.07222145
 0.07503606 0.07730106 0.07944098 0.07667243 0.07749404 0.07968781
 0.07842479 0.07077424 0.07640861 0.07282791 0.07448725 0.07335719
 0.07466764 0.07785976 0.08017962 0.07315938 0.07992645 0.07848685
 0.07514855 0.07753363 0.07643612 0.08028142 0.07956573 0.07325184
 0.07531363 0.07698749 0.08315317 0.07333255]
Std stats: [0.03831742 0.02123833 0.07104098 0.03346601 0.07551517 0.03777914
 0.07555829]

Mean stats: [0.08703014 0.08713794 0.08208251 0.08786178 0.08602721 0.08818235
 0.09356158 0.08842442 0.08607013 0.08867773 0.09232996 0.08947244
 0.08569154 0.08938292 0.08492622 0.08527072 0.09158216 0.08606373
 0.08498472 0.08676386 0.08541195 0.08123393 0.08982166 0.08345618
 0.0791432  0.08781074 0.09408979 0.08486189 0.08591143 0.08610826
 0.08769754 0.08632454 0.08703991 0.08296458 0.08803016 0.08748142
 0.08844725 0.08897048 0.08931199 0.08445338 0.09024554 0.09643295
 0.08895457 0.08757191 0.08513353 0.088429   0.08401353 0.08746948
 0.08885099 0.09669876 0.08842023 0.08667685 0.08755406 0.09153415
 0.08056021 0.09367804 0.08718165 0.10003155 0.09053373 0.09428039
 0.09225384 0.09134164 0.09087632 0.0904417  0.08979095 0.08574861
 0.08431973 0.09214971 0.0871622  0.08400826 0.08527675 0.08933839
 0.08141657 0.08913121 0.08891438 0.0895191  0.0888112  0.08570797
 0.08835485 0.08757616 0.09000525 0.09030887 0.08783232 0.09366173
 0.0840945  0.08796453 0.08543013 0.08789495 0.08653447 0.08380803
 0.09063947 0.08667447 0.08646749 0.09136947 0.09000258 0.08329581
 0.08689148 0.08676637 0.08474462 0.08738036 0.08576306 0.08958583
 0.09085047 0.08336029 0.08982844 0.08433159 0.09064401 0.087474
 0.08580508 0.08869501 0.08120508 0.08376725 0.08075298 0.08333624
 0.08084255 0.08861073 0.08461281 0.07938287 0.08471013 0.08206319
 0.08409651 0.08596813 0.08934779 0.08587543 0.08645586 0.08832089
 0.08669232 0.07886498 0.08538048 0.08061986 0.08486494 0.08253257
 0.08219017 0.08602402 0.08974226 0.08149417 0.08969153 0.0873559
 0.08440169 0.0868287  0.08664834 0.08968265 0.08733518 0.08375916
 0.08552629 0.08728067 0.09241072 0.08313102]
Std stats: [0.04112196 0.02837957 0.06433871 0.03775357 0.0817     0.04075547
 0.08151094]

Mean stats: [0.1031558  0.10252099 0.09896416 0.10464786 0.1018221  0.10435125
 0.10871484 0.10410335 0.10136429 0.1043395  0.10777255 0.10587767
 0.10068641 0.10474677 0.10070161 0.10111416 0.10738354 0.10247179
 0.10153307 0.10238721 0.10116447 0.09816243 0.10596637 0.09952803
 0.09527624 0.10335088 0.10950294 0.10099358 0.10140135 0.10221335
 0.10269766 0.10264603 0.10585339 0.10257629 0.10768567 0.10676108
 0.10958556 0.10805631 0.10523505 0.10008426 0.10516156 0.11045849
 0.1046068  0.10310599 0.10178944 0.10344944 0.09995802 0.10373937
 0.10503078 0.11128936 0.10427972 0.10136143 0.10291318 0.10662448
 0.09737236 0.10837403 0.10271236 0.11425815 0.10525584 0.10931285
 0.10732992 0.10677582 0.10598475 0.10592031 0.10511906 0.10147158
 0.09986703 0.10767951 0.10258473 0.09943685 0.10064755 0.10404984
 0.09807788 0.10427278 0.10399602 0.10483304 0.10437351 0.10078902
 0.10417824 0.10319424 0.10585864 0.10512239 0.10343238 0.10833946
 0.09999851 0.10326983 0.10093684 0.103364   0.10215637 0.09989496
 0.10598356 0.10254525 0.10160518 0.10649387 0.10550399 0.0992816
 0.10266364 0.10165621 0.10040591 0.10276409 0.10142949 0.1043585
 0.10703855 0.09887387 0.1052679  0.09961784 0.10611182 0.10266197
 0.10093417 0.10362242 0.09749406 0.09990848 0.09643269 0.09940976
 0.09677525 0.10393552 0.09944482 0.09609789 0.10043947 0.09738814
 0.09950757 0.10619365 0.11069094 0.10608991 0.10648959 0.10782266
 0.10575268 0.09572518 0.1017736  0.09658276 0.09992894 0.09813449
 0.09927016 0.10144941 0.10414313 0.09688279 0.10519601 0.10327981
 0.09932122 0.10278581 0.10198235 0.10453563 0.10285274 0.09990317
 0.10097876 0.1028461  0.1070943  0.09959132]

Mean stats: [0.12057943 0.11973358 0.11700411 0.12186932 0.11896104 0.12151577
 0.12585696 0.12125034 0.1192006  0.12146637 0.12548207 0.12313469
 0.1189695  0.12212537 0.11811467 0.11907247 0.12425544 0.11904966
 0.11898588 0.11963567 0.11825919 0.11598397 0.12264556 0.11693845
 0.11346321 0.12035933 0.12630545 0.11838263 0.11857881 0.12001447
 0.12007582 0.11986265 0.12360216 0.12015879 0.1249213  0.12387368
 0.12652793 0.12443088 0.12328496 0.11785812 0.12216867 0.12743074
 0.12206693 0.12039382 0.11972609 0.12126659 0.11761987 0.12126389
 0.12309191 0.1281547  0.12170399 0.11881172 0.12042692 0.12323484
 0.1153278  0.12548386 0.1201175  0.13066845 0.12231403 0.12592235
 0.12509429 0.12396789 0.12241308 0.12344006 0.12279362 0.11872215
 0.11778193 0.12469685 0.11903826 0.11767217 0.11855505 0.12139456
 0.11673804 0.12269679 0.12042889 0.12166314 0.12136783 0.11738309
 0.12085963 0.12083052 0.12267801 0.12210296 0.12054813 0.12493967
 0.11681856 0.12077908 0.11867805 0.12004434 0.11970605 0.11727453
 0.12248881 0.12030383 0.11897914 0.12311933 0.12205153 0.11666432
 0.11957028 0.11851216 0.11763657 0.11989841 0.11809052 0.12161632
 0.12349047 0.11636191 0.12240534 0.11717473 0.12363181 0.12086484
 0.11891476 0.12022515 0.1154047  0.11745647 0.11387632 0.11700513
 0.11418868 0.12097007 0.11662321 0.11362751 0.11769733 0.11456925
 0.11701599 0.12303197 0.12700031 0.12333426 0.12351909 0.12427906
 0.12276818 0.11364061 0.11893415 0.11407771 0.11691513 0.11526205
 0.11627611 0.11917584 0.12109306 0.11487263 0.12269186 0.12060469
 0.11605688 0.12079575 0.11937701 0.12154807 0.12028978 0.11726618
 0.11871546 0.12013899 0.12320899 0.11751573]

Mean stats: [0.14486815 0.14415458 0.1437654  0.14206951 0.13851955 0.14070397
 0.14567663 0.14015018 0.13884609 0.14089053 0.14502509 0.14270376
 0.13860795 0.14156597 0.13828254 0.13892114 0.14458095 0.13844415
 0.13938581 0.1402725  0.13827051 0.13680834 0.14202591 0.1369329
 0.13389568 0.1395811  0.14552268 0.13857169 0.13775454 0.13981935
 0.1391301  0.13946307 0.14332701 0.139624   0.1446111  0.14323061
 0.14629795 0.14388355 0.14280599 0.13802024 0.14152408 0.14638424
 0.14220958 0.13966538 0.1393759  0.14051751 0.13771174 0.14095161
 0.1425562  0.14729446 0.14144793 0.13880084 0.14049224 0.14301357
 0.13578247 0.14504942 0.13982668 0.14992445 0.14192633 0.14508028
 0.14366438 0.14369307 0.14265924 0.14297382 0.1433204  0.13894178
 0.13747142 0.14428487 0.13833525 0.13740363 0.13862    0.14104111
 0.13665566 0.14188382 0.14029294 0.1425055  0.14091458 0.13714135
 0.14277603 0.14543086 0.14837728 0.14907819 0.14254272 0.14448659
 0.13739807 0.14127579 0.13846757 0.14122266 0.13960967 0.13775178
 0.14191093 0.13922659 0.14075489 0.14352669 0.14315954 0.1363593
 0.1396642  0.13932863 0.13724478 0.13950383 0.13865366 0.14093977
 0.14415098 0.1363507  0.14150616 0.13801785 0.14319313 0.14091518
 0.13907732 0.1396333  0.1361453  0.13707584 0.13378078 0.13707024
 0.1340136  0.14115981 0.13649758 0.13364092 0.13814296 0.1343317
 0.13702911 0.14236901 0.14653701 0.14348969 0.14347852 0.14396488
 0.14218231 0.13379153 0.13933318 0.13390891 0.13700082 0.13580229
 0.13774287 0.13911127 0.14083322 0.13479958 0.14231314 0.14084546
 0.13715398 0.1412995  0.14009391 0.14227685 0.14016225 0.13762025
 0.13851987 0.1399305  0.14261631 0.13722853]
Std stats: [0.03265688 0.01846918 0.06656173 0.0268039  0.0638721  0.03208388
 0.06416775]

Mean stats: [0.16788486 0.16681774 0.17420587 0.17028298 0.16643181 0.16491144
 0.16824135 0.16206338 0.16203002 0.16318134 0.16763237 0.16607967
 0.16117627 0.16349927 0.16113675 0.16166296 0.16647326 0.16066453
 0.16782945 0.17041202 0.16622567 0.16076967 0.16379288 0.16029063
 0.15687754 0.16223699 0.16721846 0.1607959  0.16019801 0.16233312
 0.16143452 0.16214271 0.16612858 0.16192086 0.16683401 0.16591825
 0.16894115 0.16604759 0.16444478 0.16362151 0.16856596 0.17352518
 0.17029975 0.16143858 0.16202366 0.16274958 0.16011403 0.16323726
 0.16429558 0.16994248 0.16398484 0.16167117 0.1621798  0.16538078
 0.15893873 0.16721344 0.1614464  0.17186974 0.16397601 0.16781169
 0.16579709 0.16566802 0.1642311  0.16490512 0.16534522 0.16105022
 0.16021021 0.16613458 0.16136362 0.16011269 0.16165491 0.1624129
 0.15947071 0.16444137 0.16326976 0.1650471  0.16270971 0.15921384
 0.16561645 0.16737802 0.17002352 0.17096819 0.16465377 0.16666344
 0.15972854 0.16395504 0.16022588 0.16445875 0.16190352 0.16100496
 0.16393997 0.1616782  0.16316183 0.16522263 0.1657279  0.15889044
 0.16239584 0.16184358 0.15950523 0.16113185 0.16110586 0.16346572
 0.16732055 0.15851145 0.16447499 0.1601621  0.16501819 0.16274222
 0.16068983 0.1623022  0.15920509 0.15960814 0.15693178 0.15925096
 0.15709608 0.16327477 0.15818844 0.1562248  0.16061683 0.15782403
 0.16020523 0.16473177 0.16877319 0.16555226 0.16629117 0.16654399
 0.16497824 0.15699484 0.16217854 0.15747676 0.15955149 0.15939701
 0.1604853  0.16181964 0.1632268  0.15844092 0.16466915 0.16371582
 0.15949377 0.16365322 0.16215805 0.16456749 0.16314975 0.1606114
 0.16168028 0.16255985 0.16498272 0.16008821]

Mean stats: [0.19462189 0.19287219 0.20032108 0.19539177 0.19276482 0.19032995
 0.19473783 0.18898671 0.18877324 0.19008652 0.19315864 0.19268972
 0.18711184 0.18968775 0.18753503 0.18784888 0.19236651 0.19240377
 0.20085583 0.20071843 0.19267736 0.18757217 0.189156   0.18658075
 0.18215449 0.18859876 0.19348178 0.18724669 0.18666437 0.1881894
 0.18764784 0.18784474 0.19145629 0.1873621  0.19241986 0.19217179
 0.19494941 0.19175072 0.19026946 0.18957192 0.19462872 0.19977969
 0.19598824 0.18751337 0.18892143 0.18925383 0.18679876 0.18942442
 0.19090436 0.19575419 0.19002953 0.18760165 0.18855335 0.19150414
 0.18577712 0.19340256 0.18823039 0.19822746 0.19002057 0.19393651
 0.19200359 0.19248579 0.19097522 0.19002888 0.19166204 0.1871083
 0.186178   0.19223361 0.1881437  0.18677406 0.18735116 0.18955298
 0.18529703 0.1910531  0.18930556 0.19054458 0.18917189 0.18534077
 0.19173578 0.19264073 0.19553218 0.19701003 0.19018236 0.19247375
 0.18600921 0.19013011 0.18627392 0.18986656 0.18789516 0.1873565
 0.19036888 0.18694677 0.18887828 0.19060061 0.19253492 0.18527653
 0.18914036 0.1887253  0.18569655 0.19280567 0.19283295 0.19376618
 0.19353993 0.18525218 0.19063683 0.18670374 0.19055316 0.18945639
 0.18787642 0.18917683 0.18578683 0.18583702 0.18393759 0.18565786
 0.18332009 0.1892017  0.18455307 0.18338289 0.18703319 0.18478806
 0.18684512 0.1911871  0.1954333  0.19158605 0.19273402 0.19212523
 0.19132864 0.18275223 0.18855934 0.18356743 0.18628957 0.18643527
 0.18681567 0.19789619 0.19854135 0.18937733 0.19095111 0.19010754
 0.18583701 0.18994015 0.1888789  0.18966502 0.18905837 0.18651007
 0.18726371 0.18866791 0.19100242 0.18604581]

Mean stats: [0.23018373 0.22758539 0.23473991 0.22952455 0.22726183 0.2254086
 0.22860745 0.22407854 0.23021164 0.23299857 0.22833651 0.22684242
 0.22239886 0.22439232 0.22269907 0.2225837  0.22735317 0.2272974
 0.23520591 0.23466119 0.22780139 0.22332758 0.22446949 0.22149822
 0.21780805 0.22337902 0.22965092 0.2228822  0.2230717  0.22322247
 0.22411884 0.22346558 0.22660236 0.2217339  0.22837635 0.2276782
 0.23063425 0.22666013 0.22531914 0.22486137 0.23071787 0.23394178
 0.22981936 0.22375793 0.22387487 0.22485101 0.22149826 0.22492752
 0.22659935 0.2306788  0.22401523 0.22269297 0.22413919 0.22638176
 0.22120651 0.23238055 0.22988406 0.23755734 0.2253374  0.22874115
 0.22681532 0.22722439 0.22508854 0.22485902 0.22647085 0.22250517
 0.22181963 0.22627753 0.22287102 0.22239835 0.22221489 0.22389336
 0.21990636 0.22547534 0.22402893 0.22514729 0.2244506  0.22032565
 0.22653269 0.22670443 0.22950827 0.2310975  0.22467731 0.22791296
 0.22136437 0.22529665 0.2210662  0.22485263 0.22233589 0.22301331
 0.2253617  0.22235385 0.22428146 0.22612051 0.22771173 0.2209467
 0.22460065 0.224018   0.22108928 0.22830882 0.22790116 0.22814147
 0.22873416 0.22355024 0.23407851 0.22620601 0.22597371 0.22448372
 0.2230414  0.22477111 0.2209153  0.22130216 0.21937137 0.2212269
 0.21818951 0.22395295 0.2193646  0.21804949 0.2218361  0.219182
 0.22191776 0.22574476 0.22983462 0.2259019  0.22845128 0.22627643
 0.22549536 0.21789023 0.22392876 0.21853312 0.22185162 0.221448
 0.22223685 0.23242486 0.23290498 0.22438578 0.22517343 0.22484593
 0.22098201 0.22439124 0.2237134  0.22457667 0.22433786 0.22184018
 0.22182992 0.22293627 0.22535208 0.22078029]

Mean stats: [0.27538629 0.27517535 0.28798159 0.27878191 0.27121044 0.27421129
 0.2808545  0.27045326 0.2778762  0.28636743 0.27506889 0.28133663
 0.28480812 0.26956219 0.26641416 0.26619639 0.27100479 0.27173775
 0.27875379 0.27839463 0.27176717 0.26840232 0.26899398 0.26644009
 0.26236344 0.26821068 0.27429646 0.26769334 0.26774276 0.2671193
 0.2677906  0.26689972 0.27024299 0.26540712 0.27199042 0.27195394
 0.27591598 0.27040555 0.26985598 0.26949826 0.27439833 0.27739325
 0.2732161  0.26852827 0.2689843  0.26979907 0.26642714 0.26965605
 0.27097316 0.27431715 0.26913432 0.26771973 0.26986866 0.27211975
 0.26608842 0.27844525 0.27444298 0.28273446 0.2707926  0.27367547
 0.27182526 0.27196192 0.26937738 0.26958442 0.27087704 0.26725965
 0.26576602 0.2709486  0.26775667 0.26661757 0.26721532 0.26827436
 0.26570263 0.27127206 0.26782717 0.2700484  0.26864403 0.26513475
 0.27186011 0.27074358 0.27406085 0.27532245 0.26966187 0.27310532
 0.266089   0.26958034 0.26561425 0.26907457 0.26629046 0.26800685
 0.26936853 0.26582694 0.26843728 0.27110601 0.27204189 0.2661863
 0.26912816 0.26872075 0.26595495 0.27178396 0.27191947 0.27227832
 0.2723603  0.26767239 0.27856158 0.27049223 0.27067259 0.2685962
 0.26765184 0.27056696 0.2661075  0.26667798 0.26491606 0.2656215
 0.26232877 0.26806214 0.26403705 0.26352602 0.26591623 0.26399427
 0.26612941 0.27054711 0.2747108  0.27060871 0.27200936 0.26990188
 0.2693834  0.26287452 0.26795057 0.26238696 0.26611443 0.26732917
 0.26685556 0.27631858 0.27783171 0.26869682 0.26870397 0.26928491
 0.26558335 0.26903102 0.26885783 0.26934878 0.26834239 0.26600474
 0.26625228 0.26793199 0.2700218  0.26566688]

Mean stats: [0.32247357 0.32196796 0.33352721 0.32521824 0.31699828 0.32022112
 0.32736646 0.31705512 0.32455215 0.33379099 0.32186698 0.33182577
 0.33883621 0.31840763 0.31312951 0.3137404  0.31808532 0.31897987
 0.32524442 0.32543871 0.31861869 0.31604381 0.31641698 0.31378264
 0.31035542 0.31586429 0.32182294 0.31533874 0.31615005 0.31574735
 0.31522862 0.31488879 0.31735393 0.31216749 0.31917974 0.31897367
 0.3257098  0.31800952 0.31728921 0.31685816 0.32159559 0.32502496
 0.32194337 0.31687473 0.31611016 0.31749028 0.31458124 0.31770244
 0.31811441 0.3218508  0.31627735 0.31458857 0.31671535 0.3186692
 0.31338404 0.32669648 0.32229724 0.3288692  0.31829824 0.32119145
 0.31891544 0.31981013 0.31680798 0.31649113 0.31773246 0.31416728
 0.31410211 0.31834726 0.31544712 0.31376686 0.31423576 0.31546731
 0.31325289 0.31883436 0.31488276 0.3168151  0.31565718 0.31348268
 0.31998504 0.31817274 0.32292457 0.3274615  0.32689937 0.3206665
 0.31364541 0.31742919 0.31382045 0.31714638 0.31481712 0.31706307
 0.31711872 0.31433716 0.31718748 0.31926007 0.31926033 0.3147243
 0.31697359 0.32531968 0.31714782 0.31904319 0.31877779 0.3192022
 0.31981512 0.31475371 0.32610972 0.31809144 0.31756135 0.31586823
 0.31473236 0.31809132 0.31355724 0.3149456  0.31788558 0.32125988
 0.30945617 0.31512698 0.31133962 0.31066087 0.31231752 0.31147594
 0.31306917 0.31782818 0.32161542 0.31714146 0.31896509 0.31741442
 0.31568965 0.31039619 0.321605   0.31497226 0.31317657 0.31471021
 0.313595   0.32284028 0.32484633 0.31560354 0.3151019  0.31658941
 0.31232011 0.31575818 0.31616562 0.31624193 0.31540002 0.31354654
 0.31418553 0.31776099 0.3276237  0.31284321]

Mean stats: [0.37765258 0.37605219 0.38787996 0.3787956  0.37165118 0.37486026
 0.38065669 0.37139942 0.37842571 0.38760085 0.37590721 0.38618637
 0.39200114 0.37366088 0.38167416 0.37997636 0.37257658 0.37301694
 0.37929948 0.37956036 0.37434977 0.37032421 0.37008936 0.36736003
 0.36472566 0.37082706 0.37573557 0.36943534 0.3718276  0.36994946
 0.36882263 0.36790528 0.37169716 0.36607571 0.37292183 0.37377106
 0.38079879 0.3719556  0.37287854 0.37084711 0.37630664 0.37904449
 0.37618958 0.37137796 0.37105158 0.37164378 0.36931875 0.37372149
 0.37340463 0.37600822 0.37534386 0.37488605 0.37689461 0.38073677
 0.36806807 0.37984599 0.37531792 0.38157628 0.37193075 0.37494893
 0.37143542 0.37353726 0.37131678 0.37006475 0.37050295 0.36756306
 0.36773973 0.37213896 0.36890608 0.36793519 0.36775369 0.36867344
 0.36628644 0.372269   0.36839768 0.37122683 0.37044035 0.36766264
 0.37388435 0.37190722 0.37649409 0.37997627 0.38081866 0.37363872
 0.3679476  0.3713414  0.36727449 0.37304593 0.37981929 0.37138251
 0.371187   0.36851301 0.3721382  0.3730565  0.37217853 0.36902563
 0.37133371 0.37841538 0.37092935 0.37355698 0.37225404 0.37306434
 0.37493533 0.36973337 0.38039799 0.37230837 0.37149255 0.36885842
 0.36773753 0.3718773  0.36657578 0.36926491 0.37116419 0.37487409
 0.36383976 0.3696566  0.36418877 0.36417629 0.36525264 0.36571648
 0.36606308 0.37121193 0.3752524  0.37098276 0.37302214 0.37101438
 0.37988159 0.38046087 0.37703819 0.36888705 0.36773805 0.36970126
 0.36777896 0.37631669 0.37834056 0.3676713  0.36822869 0.36977146
 0.36493317 0.36861785 0.36936455 0.36993345 0.36925095 0.36711041
 0.36856376 0.37187235 0.38124136 0.36707206]

Mean stats: [0.43873782 0.43689508 0.44700083 0.44074938 0.43297484 0.43532374
 0.4405009  0.43160074 0.43904312 0.44817156 0.43538668 0.44884992
 0.4630153  0.43421466 0.4412583  0.44000314 0.43330046 0.43294419
 0.44052644 0.44143336 0.44313691 0.43440684 0.43156834 0.42866546
 0.42709805 0.43162111 0.43691624 0.4310807  0.43205607 0.43065306
 0.42874566 0.42800107 0.4311832  0.42597486 0.43352538 0.4352688
 0.4423284  0.43289755 0.43369043 0.43427132 0.43784271 0.44136978
 0.4374873  0.43383843 0.43247522 0.43269568 0.4309236  0.43527598
 0.43457145 0.43801146 0.43664678 0.4446436  0.44097207 0.44130046
 0.43011566 0.44062278 0.4357268  0.44337307 0.43220621 0.43599019
 0.43179254 0.43484863 0.43176366 0.4377609  0.43722952 0.42813507
 0.42810088 0.43154506 0.42892753 0.42850341 0.42818736 0.42868237
 0.42739608 0.44121999 0.43239623 0.43282981 0.43161019 0.42834612
 0.43522919 0.43249479 0.43718137 0.44089536 0.44039633 0.433453
 0.42877384 0.43161907 0.42731666 0.43304083 0.43938072 0.43182663
 0.43175828 0.42947863 0.43323446 0.43425431 0.43331857 0.43048683
 0.43266047 0.43945514 0.43117875 0.43467777 0.43254351 0.43282475
 0.43507202 0.43015644 0.4396424  0.433271   0.44013987 0.43228649
 0.4300358  0.43334602 0.42825134 0.43177576 0.43258061 0.43533417
 0.42487775 0.43875185 0.42712598 0.42561907 0.42610633 0.42690903
 0.42696112 0.43144578 0.43539581 0.43133896 0.43354954 0.43147108
 0.4400289  0.44079312 0.43662101 0.42936444 0.42949227 0.42996496
 0.42943639 0.43626631 0.43893904 0.42729117 0.42797541 0.43060608
 0.42625771 0.42870145 0.42906771 0.429081   0.42913245 0.42676205
 0.42981159 0.44428332 0.44035312 0.42757956]

Mean stats: [2.42027287 2.40322728 2.39620137 2.40095758 2.40311222 2.58272815
 2.49220529 2.40335689 2.40336537 2.4126852  2.40674629 2.42171206
 2.40613399 2.48642087 2.41761594 2.4513649  2.44811735 2.6108007
 2.47575297 2.4173532  2.42199945 2.41352544 2.43113632 2.42087665
 2.4543828  2.44149818 2.44379959 2.4240025  2.67729154 2.43659267
 2.41699057 2.42185302 2.43786592 2.42742505 2.41081381 2.41729746
 2.41993203 2.3988492  2.43994298 2.69943056 2.41385918 2.68264728
 2.40569019 2.40415778 2.41895485 2.40701628 2.40531001 2.4157774
 2.40867772 2.40245457 2.40690699 2.40328102 2.40386806 2.42114406
 2.39636245 2.67625036 2.4163476  2.42288671 2.40872803 2.4140667
 2.42990465 2.42362552 2.4081058  2.40960522 2.42068119 2.42714543
 2.40024743 2.40339541 2.37747951 2.40813518 2.39798036 2.65991545
 2.39511232 2.40137811 2.38847766 2.40554376 2.38818913 2.3961679
 2.39076939 2.39381309 2.40222869 2.39353929 2.38329096 2.40957699
 2.39467072 2.65937581 2.40799017 2.39776974 2.41060791 2.41778741
 2.39364238 2.40332704 2.40725636 2.41125116 2.65441103 3.17902584
 3.12751918 2.8298202  2.40872002 2.42124739 2.41081209 2.40059237
 2.40304079 2.40106592 2.37289805 2.39505429 2.39064302 2.41446323
 2.46441607 2.59583588 2.41921268 2.40053864 2.39724483 2.38983622
 2.40636039 2.37414174 2.39014106 2.37927823 2.41215143 2.37230682
 2.37904487 2.36943932 2.63821735 2.38713522 2.72740102 2.38582106
 2.38298564 2.38445754 2.38066182 2.37048635 2.36385679 2.39047899
 2.39023366 2.39412894 2.52310333 2.49936643 2.38137422 2.38604426
 2.38793368 2.37405233 2.38022871 2.38077993 2.3928556  2.38106265
 2.38182487 2.39700379 2.39214854 2.40213547]

Mean stats: [1.52049265 1.50986173 1.51511841 1.54482667 1.53769245 1.61368475
 1.58025796 1.51175778 1.51852391 1.51898921 1.52310865 1.5432585
 1.51343825 1.56455357 1.51891613 1.56637077 1.61103473 1.67736628
 1.56204274 1.52599971 1.58307669 1.51822217 1.55446403 1.52339926
 1.53483887 1.55805712 1.53402991 1.5224335  1.65112345 1.53539722
 1.52809336 1.52074687 1.55592382 1.52586782 1.51443672 1.52043548
 1.52606902 1.52887459 1.55384829 1.65711217 1.52567313 1.65390964
 1.51158884 1.51061091 1.52643664 1.56388574 1.50820153 1.51759257
 1.51709156 1.51363018 1.53314612 1.50865407 1.51956902 1.52380977
 1.50520952 1.65705662 1.54714873 1.57668996 1.56519778 1.51553845
 1.53726711 1.53114216 1.51320395 1.51777465 1.51726673 1.52025881
 1.51300304 1.51917455 1.49460471 1.52433519 1.52961948 1.6448087
 1.51164434 1.50974321 1.5019922  1.53383532 1.50233686 1.50929918
 1.51157801 1.50355229 1.51552317 1.52632403 1.53455806 1.51916707
 1.53563173 1.65476551 1.51420672 1.52668712 1.52783444 1.52176242
 1.50614047 1.51726322 1.51136594 1.52561314 1.68210549 1.89667556
 1.88066683 1.72755609 1.52193122 1.54286799 1.50991375 1.51422648
 1.51634929 1.50949671 1.50058546 1.55462434 1.5105443  1.52915347
 1.54092429 1.61135592 1.5320442  1.50920177 1.51021352 1.51012759
 1.52095895 1.5074306  1.50725055 1.53295016 1.52853942 1.4966089
 1.52751327 1.49860871 1.64575005 1.54105504 1.70850067 1.53378911
 1.55587637 1.50531588 1.49944468 1.49731877 1.49566605 1.5114327
 1.50342507 1.52097936 1.57447984 1.56329045 1.51062219 1.51588657
 1.53247795 1.4923301  1.51766481 1.51573737 1.50805933 1.49853106
 1.53213665 1.51773999 1.50942173 1.51440454]




